%YAML:1.0
---
R: !!opencv-matrix
   rows: 3
   cols: 3
   dt: d
   data: [ 9.9835204581563630e-01, -5.1070530052704087e-02,
       2.6172381929612028e-02, 5.4438711013037870e-02,
       9.8712805101922418e-01, -1.5038163995058282e-01,
       -1.8155422302237496e-02, 1.5155860863416379e-01,
       9.8828152304386618e-01 ]
T: !!opencv-matrix
   rows: 3
   cols: 1
   dt: d
   data: [ 2.1942794429470736e-01, 8.1751653423354647e+00,
       -8.0721822467195758e-01 ]
R1: !!opencv-matrix
   rows: 3
   cols: 3
   dt: d
   data: [ 9.9658289041256176e-01, -7.9898555329692714e-02,
       2.0946679764863071e-02, 8.2596675496059119e-02,
       9.6574976482470265e-01, -2.4597800905371636e-01,
       -5.7596349050887709e-04, 2.4686760135193825e-01,
       9.6904904709142481e-01 ]
R2: !!opencv-matrix
   rows: 3
   cols: 3
   dt: d
   data: [ 9.9956925354233706e-01, -2.7767413284703970e-02,
       -9.5014805315413210e-03, 2.6701377171949925e-02,
       9.9480571606492763e-01, -9.8227408301694741e-02,
       1.2179648186055438e-02, 9.7931394578158790e-02,
       9.9511863520187438e-01 ]
P1: !!opencv-matrix
   rows: 3
   cols: 4
   dt: d
   data: [ -1.4592908463321683e+02, 0., 1.6116104736328125e+03, 0., 0.,
       -1.4592908463321683e+02, -3.3103463592529297e+03, 0., 0., 0., 1.,
       0. ]
P2: !!opencv-matrix
   rows: 3
   cols: 4
   dt: d
   data: [ -1.4592908463321683e+02, 0., 1.6116104736328125e+03, 0., 0.,
       -1.4592908463321683e+02, -3.3103463592529297e+03,
       -1.1992235025058405e+03, 0., 0., 1., 0. ]
Q: !!opencv-matrix
   rows: 4
   cols: 4
   dt: d
   data: [ 1., 0., 0., -1.6116104736328125e+03, 0., 1., 0.,
       3.3103463592529297e+03, 0., 0., 0., -1.4592908463321683e+02, 0.,
       0., -1.2168631145761433e-01, 0. ]
