%YAML:1.0
---
M1: !!opencv-matrix
   rows: 3
   cols: 3
   dt: d
   data: [ 4.9017730310572176e+02, 0., 4.1601674869052391e+02, 0.,
       4.9008746731207685e+02, 2.4421694221350097e+02, 0., 0., 1. ]
D1: !!opencv-matrix
   rows: 1
   cols: 14
   dt: d
   data: [ 6.9343482090908071e-02, -1.4221041739514378e-01, 0., 0., 0.,
       0., 0., 3.1985776436377272e-01, 0., 0., 0., 0., 0., 0. ]
M2: !!opencv-matrix
   rows: 3
   cols: 3
   dt: d
   data: [ 4.9017730310572176e+02, 0., 4.1597606784764656e+02, 0.,
       4.9008746731207685e+02, 2.2449491360583880e+02, 0., 0., 1. ]
D2: !!opencv-matrix
   rows: 1
   cols: 14
   dt: d
   data: [ 4.0602979601797561e-02, 6.1108861985519437e-02, 0., 0., 0.,
       0., 0., 5.8496451008821182e-01, 0., 0., 0., 0., 0., 0. ]
